%YAML:1.0

#--------------------------------------------------------------------------------------------
# Camera Parameters. Adjust them!
#--------------------------------------------------------------------------------------------

# Camera calibration and distortion parameters (OpenCV) 
#+++++ Cam0 +++++
Camera.fx: 551.194083
Camera.fy: 559.802898
Camera.cx: 320.193286
Camera.cy: 242.800121

Camera.k1: 0.094616
Camera.k2: -0.136143
Camera.p1: 0.003692
Camera.p2: 0.002524
Camera.k3: 0

#Camera.fx: 520.908620
#Camera.fy: 521.007327
#Camera.cx: 325.141442
#Camera.cy: 249.701764

#Camera.k1: 0.231222
#Camera.k2: -0.784899
#Camera.p1: -0.003257
#Camera.p2: -0.000105
#Camera.k3: 0.917205

# Camera frames per second 
Camera.fps: 30.0


# IR projector baseline times fx (aprox.)
Camera.bf: 75.0
#Camera.bf: 40.0

# Color order of the images (0: BGR, 1: RGB. It is ignored if images are grayscale)
Camera.RGB: 1

ThDepth: 40.0

# Deptmap values factor 
DepthMapFactor: 1000.0
#DepthMapFactor: 5208.0

#T_SC
Cam0.T00: 0.0148655429818
Cam0.T01: -0.999880929698
Cam0.T02: 0.00414029679422
Cam0.T03: -0.0216401454975
Cam0.T10: 0.999557249008
Cam0.T11: 0.0149672133247
Cam0.T12: 0.025715529948
Cam0.T13: -0.064676986768
Cam0.T20: -0.0257744366974
Cam0.T21: 0.00375618835797
Cam0.T22: 0.999660727178
Cam0.T23: 0.00981073058949
Cam0.T30: 0.0
Cam0.T31: 0.0
Cam0.T32: 0.0
Cam0.T33: 1.0


recrgb: /camera/rgb/image_color
#recdepth: /camera/depth/image1
#recrgb:  /camera/color/image_raw
# #/camera/rgb/image_color

#recdepth: /camera/depth/image_raw 
recdepth : /camera/depth/image

